v3.0 hex words addressed
00 : 000400 000400 000400 000400 000400 000400 000400 000400
08 : 000400 000400 000400 000400 000400 000400 000400 000400
10 : 000400 000400 000400 000400 000400 000400 000400 000400
18 : 000400 000400 000400 000400 000400 000400 000400 000000
20 : 003011 003011 003011 003011 003011 003011 003011 003011
28 : 003011 003011 003011 003011 003011 003011 003011 003011
30 : 003011 003011 003011 003011 003011 003011 003011 003011
38 : 003011 003011 003011 003011 003011 003011 003011 000000
40 : 000400 000400 000400 000400 000400 00d500 00d500 00d500
48 : 00d500 00d500 00d500 00d500 00d500 00d100 00d100 00d500
50 : 00d100 00d500 00d500 000400 00000d 000800 000400 000800
58 : 000400 000400 000400 000400 000400 000400 000400 000000
60 : 000011 002001 002101 001101 001101 000011 000011 001001
68 : 001001 000011 000011 001001 001001 3a6000 186000 000011
70 : 306000 000011 000011 001101 00c840 002000 001101 001109
78 : 001101 001101 001101 000011 000011 000021 001101 000000
80 : 00e000 000000 000400 000400 000400 00d000 00d000 006000
88 : 016000 00d000 00d000 226000 236000 000000 000000 00d000
90 : 000000 00d000 00d000 000400 000000 000009 00040d 000800
98 : 000400 000400 000400 00a000 00c200 000000 000400 000000
a0 : 000000 000000 002001 001001 001001 006000 016000 000000
a8 : 000000 226000 236000 000000 000000 000000 000000 224000
b0 : 000000 046000 2e6000 001001 000000 000000 001001 001009
b8 : 001001 001001 001001 000000 000000 000000 001001 000000
c0 : 000000 000000 000000 000c00 00cc40 000000 000000 000000
c8 : 000000 000000 000000 000000 000000 000000 000000 000000
d0 : 000000 000000 000000 000003 000000 000000 0008cd 000003
d8 : 000002 000002 000002 000000 000000 000000 00000b 000000
e0 : 000000 000000 000000 002000 000000 000000 000000 000000
e8 : 000000 000000 000000 000000 000000 000000 000000 000000
f0 : 000000 000000 000000 000000 000000 000000 0009c3 000000
f8 : 000000 000000 000000 000000 000000 000000 000000 000000